4725 6805 0.223830161
4725 7523 0.518236189
4725 7524 0.106084539
4725 7673 0.713758526
4725 9352 0.587807807
4725 9356 0.544795195
4725 9368 0.939105076
4725 9599 0.726632587
4725 9601 0.002440274
4725 9614 0.849641825
4725 9618 0.299650391
4725 9997 0.420506588
4725 10000 0.060990062
4725 10006 0.255237177
4732 4983 0.359509994
4732 7690 0.349535863
4732 9354 0.979287961
4732 9356 0.245901187
4732 9357 0.56818866
4732 9368 0.575344176
4732 9380 0.639667427
4732 9601 0.373038341
4732 10000 0.403003893
4732 10001 0.433163385
4732 10002 0.486621856
4732 10003 0.211616464
4732 10004 0.600858182
4732 10011 0.555086928
4732 10019 0.621827248
4732 17514 0.15637684
4680 7524 0.230650274
4680 7526 0.923144372
4680 10001 0.085051766
7518 9351 0.758992203
7518 9354 0.006634763
7518 9363 0.023440624
7518 9613 0.448970616
7518 9615 0.673780139
7518 9997 0.217093407
7518 10002 0.176093315
7518 10003 0.944259343
7518 10011 0.756707088
7518 10019 0.581092757
4716 6461 0.953783189
4716 7512 0.880197861
4716 7514 0.251962669
4716 9352 0.418008813
4716 9359 0.274193217
4716 9602 0.527539369
4716 9671 0.767818771
4716 9999 0.190457843
4716 10006 0.884729793
4716 10009 0.621843266
4716 10018 0.691464172
3549 3557 0.33311396
3549 3561 0.490662119
3549 3563 0.661272093
3549 3742 0.865251419
3549 3786 0.977466576
3549 3846 0.896249574
3549 3900 0.937066592
3549 3914 0.979328162
3549 3931 0.904250828
3549 3967 0.2812323
3549 3976 0.835188244
3549 4006 0.650489103
3549 4039 0.998183473
3549 4183 0.114476268
3549 4200 0.441193847
3549 4211 0.476329932
3549 4230 0.322021742
3549 4258 0.185362146
3549 4323 0.441536794
3549 4355 0.201916912
3549 4436 0.481126819
3549 4492 0.021049501
3549 4513 0.573760396
3549 4550 0.281276995
3549 4565 0.434558173
3549 4637 0.620062049
3549 4648 0.788635012
3549 4675 0.58274695
3549 4678 0.477381619
3549 4685 0.727433341
3549 4693 0.764373766
3549 4725 0.005791657
3549 4755 0.255438782
3549 4766 0.84925914
3549 5000 0.150190206
3549 5033 0.988228559
3549 5097 0.249177161
3549 5401 0.317271433
3549 5430 0.313283692
3549 5459 0.377861782
3549 5511 0.636319373
3549 5650 0.613196156
3549 5651 0.737630948
3549 5668 0.652221513
3549 5684 0.538708427
3549 5705 0.214689566
3549 5727 0.953183228
3549 5738 0.38012391
3549 6066 0.294951497
3549 6079 0.298124258
3549 6095 0.718696093
3549 6123 0.042854215
3549 6140 0.236324632
3549 6172 0.939195822
3549 6220 0.94315274
3549 6221 0.805857039
3549 6259 0.12070431
3549 6325 0.872461519
3549 6347 0.347475027
3549 6358 0.290801654
3549 6371 0.977980402
3549 6395 0.245190587
3549 6402 0.579069946
3549 6427 0.768749412
3549 6453 0.631385563
3549 6461 0.112225646
3549 6467 0.529162631
3549 6469 0.778689417
3549 6484 0.44242544
3549 6555 0.914706168
3549 6576 0.082589549
3549 6716 0.665144935
3549 6762 0.573986675
3549 6785 0.370162605
3549 6841 0.686450525
3549 6950 0.44537186
3549 6954 0.426383487
3549 6967 0.898579356
3549 6993 0.553263916
3549 6999 0.855464431
3549 7010 0.27010237
3549 7018 0.466808448
3549 7055 0.468114466
3549 7091 0.363307006
3549 7138 0.61452497
3549 7141 0.766978761
3549 7170 0.188721283
3549 7176 0.227129095
3549 7194 0.088161833
3549 7232 0.122332068
3549 7296 0.762273659
3549 7321 0.771675123
3549 7351 0.425918063
3549 7473 0.90788785
3549 7503 0.992564623
3549 7514 0.457970317
3549 7518 0.272025731
3549 7673 0.772079155
3549 7683 0.75626477
3549 7686 0.02722444
3549 7770 0.529199025
3549 7837 0.943365402
3549 7883 0.24983935
3549 7908 0.911616718
3549 7911 0.875400328
3549 7922 0.411502268
3549 7930 0.888382203
3549 7936 0.869830669
3549 7960 0.246666652
3549 7976 0.200560591
3549 8001 0.570150033
3549 8002 0.058390681
3549 8011 0.898903053
3549 8057 0.671413283
3549 8070 0.627974686
3549 8120 0.14957313
3549 8259 0.6836743
3549 8297 0.204700209
3549 8327 0.796314823
3549 8723 0.398843669
3549 8731 0.811243425
3549 8881 0.59137856
3549 9057 0.208719543
3549 9145 0.245666136
3549 9167 0.595518902
3549 9211 0.364552484
3549 9304 0.911658396
3549 9370 0.550031187
3549 9595 0.402503921
3549 9603 0.301573366
3549 9607 0.253050171
3549 9609 0.131161965
3549 9610 0.932986655
3549 9680 0.421207351
3549 9824 0.498241956
3549 10007 0.346714457
3549 10240 0.130828776
3549 10265 0.074404066
3549 10310 0.892891652
3549 10325 0.321295603
3549 10381 0.60007628
3549 10487 0.219002426
3549 10514 0.900483753
3549 10627 0.213086162
3549 10663 0.460016093
3549 10673 0.965375579
3549 10732 0.650003005
3549 10759 0.065240971
3549 10860 0.191941767
3549 10910 0.952390904
3549 10911 0.811428866
3549 10913 0.135221592
3549 11022 0.966885948
3549 11023 0.006363055
3549 11042 0.609885734
3549 11135 0.108296807
3549 11162 0.662793553
3549 11192 0.495098579
3549 11206 0.667962531
3549 11220 0.91095647
3549 11325 0.785678213
3549 11333 0.185092016
3549 11378 0.004367297
3549 11388 0.697718668
3549 11443 0.813515091
3549 11456 0.607273028
3549 11480 0.668915668
3549 11588 0.991183032
3549 11638 0.888195117
3549 11656 0.324468734
3549 11669 0.529321871
3549 11674 0.150017317
3549 11680 0.990639715
3549 11711 0.998887446
3549 11731 0.299007322
3549 11767 0.353401795
3549 11783 0.598454816
3549 11803 0.222220053
3549 11841 0.216508341
3549 11880 0.018200415
3549 11881 0.446960468
3549 11899 0.387689332
3549 11913 0.464813167
3549 11935 0.698670234
3549 11992 0.68963072
3549 12012 0.143179458
3549 12050 0.686195635
3549 12077 0.243486052
3549 12092 0.412200499
3549 12114 0.467604872
3549 12117 0.739398022
3549 12156 0.694124583
3549 12158 0.687594741
3549 12220 0.375577978
3549 12235 0.699678251
3549 12236 0.973162569
3549 12731 0.777292636
3549 12781 0.98627428
3549 12956 0.609560497
3549 13003 0.445948587
3549 13009 0.398333942
3549 13108 0.474512454
3549 13129 0.309176379
3549 13163 0.832954121
3549 13207 0.079001462
3549 13219 0.743652707
3549 13328 0.898435264
3549 13344 0.183033337
3549 13345 0.444167816
3549 13405 0.663383857
3549 13423 0.396070229
3549 13468 0.863316069
3549 13525 0.286968381
3549 13526 0.952430155
3549 13543 0.853658682
3549 13549 0.36988284
3549 13609 0.309545028
3549 13627 0.144854718
3549 13629 0.822936388
3549 13646 0.705676059
3549 13703 0.265414466
3549 13721 0.322120604
3549 13724 0.817510871
3549 13734 0.799197085
3549 13744 0.273143803
3549 13768 0.563916438
3549 13853 0.518477238
3549 13890 0.415233789
3549 13912 0.587174137
3549 13955 0.248145667
3549 13956 0.493858407
3549 13957 0.982730734
3549 13982 0.897634768
3549 13985 0.262974173
3549 14001 0.12654249
3549 14051 0.366663063
3549 14061 0.611289266
3549 14095 0.715465561
3549 14167 0.690517259
3549 14184 0.50458408
3549 14201 0.797344784
3549 14203 0.841668279
3549 14242 0.464023732
3549 14252 0.686868881
3549 14281 0.933779742
3549 14294 0.523945263
3549 14310 0.894201649
3549 14320 0.818005779
3549 14323 0.398765707
3549 14345 0.577104654
3549 14349 0.028601345
3549 14361 0.142259452
3549 14413 0.108105415
3549 14446 0.165003846
3549 14466 0.266712616
3549 14471 0.850639695
3549 14494 0.19558507
3549 14501 0.73936267
3549 14569 0.552927883
3549 14592 0.433231518
3549 14614 0.616122318
3549 14642 0.26786957
3549 14671 0.380981398
3549 14673 0.698099462
3549 14677 0.417699735
3549 14719 0.218018311
3549 14741 0.258738821
3549 14742 0.108423888
3549 14744 0.880616361
3549 14745 0.892649565
3549 14757 0.671279681
3549 14785 0.560435351
3549 14846 0.260664335
3549 14869 0.721759995
3549 14895 0.735121084
3549 14917 0.037173913
3549 14936 0.848329521
3549 14963 0.225217483
3549 14971 0.674625396
3549 14986 0.18065934
3549 14991 0.929288124
3549 15043 0.363234789
3549 15077 0.339488295
3549 15079 0.790626586
3549 15111 0.834256746
3549 15143 0.276853852
3549 15169 0.846777775
3549 15217 0.431108603
3549 15270 0.488812969
3549 15285 0.420516389
3549 15286 0.702327811
3549 15289 0.388375424
3549 15300 0.68259983
3549 15310 0.992061833
3549 15331 0.374628937
3549 15347 0.850442875
3549 15504 0.123987967
3549 15516 0.855192003
3549 15664 0.302085542
3549 15862 0.613866792
3549 15872 0.885635407
3549 15878 0.632109119
3549 15936 0.427031303
3549 16392 0.651286823
3549 16395 0.83148223
3549 16396 0.95383955
3549 16399 0.526060507
3549 16405 0.873909599
3549 16412 0.501795609
3549 16429 0.157475699
3549 16455 0.345778755
3549 16474 0.589466644
3549 16502 0.291181567
3549 16508 0.227020603
3549 16540 0.526045185
3549 16544 0.690744815
3549 16561 0.172677281
3549 16595 0.766056388
3549 16647 0.643516004
3549 16676 0.151856835
3549 16682 0.037401134
3549 16713 0.223690917
3549 16734 0.301622949
3549 16739 0.111274617
3549 16779 0.053945101
3549 16808 0.144456518
3549 16809 0.801970025
3549 16842 0.550198987
3549 16869 0.619253994
3549 16912 0.631479132
3549 16918 0.768865583
3549 16922 0.201167662
3549 16948 0.251345713
3549 16993 0.221504909
3549 17034 0.513525427
3549 17088 0.690777863
3549 17093 0.265715099
3549 17143 0.689233095
3549 17184 0.698288713
3549 17201 0.383534008
3549 17239 0.394469197
3549 17256 0.774364415
3549 17301 0.605425075
3549 17311 0.896938738
3549 17358 0.105412648
3549 17382 0.946589437
3549 17388 0.339702779
3549 17506 0.571951009
3549 18439 0.119432689
3549 18447 0.628494037
3549 18448 0.41022288
3549 18591 0.982758348
3549 18614 0.895009699
3549 18640 0.655076257
3549 18665 0.312723751
3549 18692 0.381124159
3549 18712 0.381760073
3549 18742 0.489036981
3549 18754 0.679625211
3549 18786 0.468627083
3549 18803 0.537346258
3549 18809 0.66095492
3549 18910 0.264278159
3549 18950 0.066044148
3549 18992 0.886207515
3549 18994 0.032694501
3549 18995 0.227862807
3549 18996 0.38240517
3549 19012 0.210588952
3549 19082 0.350785142
3549 19087 0.402977225
3549 19187 0.524606211
3549 19193 0.53258127
3549 19202 0.362388951
3549 19358 0.10040782
3549 19379 0.424584084
3549 19381 0.151964545
3549 19458 0.893518993
3549 19504 0.801177493
3549 19535 0.345020775
3549 19540 0.250907984
3549 19609 0.017313353
3549 19642 0.182247666
3549 19764 0.589470245
3549 19770 0.291491307
3549 19897 0.40445772
3549 19934 0.903490759
10009 17509 0.092188392
4694 4704 0.705550163
4694 4707 0.806555222
4694 4713 0.068603818
4694 4720 0.398854372
4694 6553 0.680049921
4694 7473 0.789817572
4694 7501 0.387094054
4694 7518 0.879117109
4694 7683 0.586289209
4694 7811 0.037214096
4694 8069 0.856644831
4694 9351 0.115448919
4694 9353 0.118473964
4694 9365 0.719648197
4694 9369 0.027457604
4694 9370 0.308438988
4694 9379 0.993205028
4694 9435 0.131533813
4694 9593 0.973763674
4694 9595 0.574461823
4694 9596 0.217727264
4694 9609 0.910948428
4694 9613 0.505444828
4694 9995 0.324803082
4694 10009 0.219569067
4694 17512 0.416550588
4694 17513 0.905964748
4694 17514 0.637836896
2914 3066 0.415523382
2914 3130 0.250992191
2914 3257 0.93249944
2914 3303 0.719448052
2914 3320 0.628270005
2914 3356 0.25122031
2914 3396 0.819210724
2914 3407 0.471006985
2914 3428 0.843493137
2914 3491 0.982943315
2914 3549 0.458210065
2914 3561 0.768185836
2914 3563 0.96261812
2914 3582 0.318920216
2914 3634 0.493144854
2914 3677 0.043767755
2914 3701 0.600071189
2914 3727 0.891609591
2914 3783 0.24946459
2914 3807 0.294730724
2914 3838 0.599060977
2914 3914 0.918045626
2914 3932 0.10142448
2914 3933 0.383663051
2914 3934 0.134038976
2914 3949 0.968271393
2914 3967 0.562095516
2914 3976 0.219733483
2914 4006 0.423015468
2914 4133 0.314663788
2914 4134 0.296866663
2914 4148 0.201577996
2914 4183 0.626252034
2914 4200 0.861936019
2914 4222 0.120031217
2914 4436 0.043291637
2914 4496 0.904619532
2914 4513 0.392804748
2914 4540 0.976935685
2914 4544 0.322794711
2914 4557 0.556364294
2914 4565 0.20007555
2914 4592 0.679550416
2914 4595 0.999681528
2914 4645 0.600298027
2914 4673 0.61643492
2914 4685 0.865536587
2914 4691 0.718897727
2914 4694 0.417706635
2914 4713 0.070699947
2914 4766 0.039908511
2914 5000 0.309307168
2914 5051 0.020310656
2914 5089 0.878669351
2914 5390 0.702593306
2914 5413 0.088122485
2914 5459 0.886183491
2914 5462 0.639828979
2914 5511 0.162530713
2914 5604 0.729540144
2914 5637 0.587930357
2914 5650 0.55019015
2914 5669 0.574916866
2914 5696 0.945175745
2914 5702 0.590012027
2914 5707 0.586186064
2914 5798 0.180214282
2914 6066 0.108213561
2914 6076 0.51086886
2914 6079 0.095138119
2914 6107 0.482240336
2914 6108 0.199725259
2914 6113 0.672362206
2914 6172 0.662187142
2914 6199 0.916797245
2914 6201 0.628701536
2914 6210 0.890274564
2914 6234 0.807785123
2914 6248 0.739210041
2914 6259 0.574242513
2914 6261 0.596314248
2914 6358 0.963999387
2914 6395 0.391819463
2914 6402 0.567968377
2914 6427 0.397060199
2914 6453 0.312088268
2914 6461 0.592695654
2914 6467 0.970873114
2914 6481 0.753204396
2914 6493 0.641691265
2914 6561 0.224217096
2914 6716 0.166715923
2914 6939 0.401539494
2914 6971 0.065380227
2914 6986 0.516850389
2914 6993 0.332947677
2914 7013 0.998066359
2914 7018 0.097576581
2914 7019 0.789676087
2914 7089 0.381499154
2914 7091 0.933560521
2914 7106 0.42856132
2914 7170 0.088278419
2914 7194 0.468573244
2914 7235 0.682985638
2914 7276 0.164423741
2914 7334 0.265710198
2914 7346 0.692514557
2914 7362 0.862457453
2914 7364 0.943584374
2914 7462 0.363773428
2914 7473 0.504602034
2914 7506 0.697361638
2914 7515 0.050536247
2914 7629 0.420788913
2914 7674 0.840541232
2914 7766 0.759244538
2914 7773 0.045937801
2914 7790 0.238312688
2914 7853 0.655156991
2914 7868 0.212752601
2914 7896 0.066102231
2914 7911 0.301719477
2914 7922 0.124374882
2914 7929 0.179528148
2914 7960 0.223444813
2914 7982 0.501002278
2914 8011 0.102746354
2914 8028 0.186860879
2914 8070 0.604841113
2914 8137 0.896733785
2914 8138 0.170966314
2914 8159 0.059986435
2914 8220 0.748561343
2914 8582 0.287933234
2914 8918 0.311882862
2914 8952 0.876969212
2914 9156 0.815503495
2914 9193 0.421504495
2914 9299 0.624367689
2914 9318 0.474112037
2914 9329 0.858974229
2914 9595 0.428470002
2914 9874 0.665919007
2914 10012 0.259798352
2914 10013 0.484097736
2914 10217 0.119522152
2914 10244 0.73002795
2914 10279 0.610623614
2914 10297 0.837418476
2914 10363 0.756187441
2914 10368 0.040964649
2914 10487 0.598626412
2914 10494 0.503176731
2914 10514 0.154744878
2914 10627 0.755323675
2914 10685 0.834363515
2914 10708 0.176031423
2914 10714 0.929478077
2914 10732 0.956081262
2914 10737 0.463642628
2914 10763 0.979701598
2914 10768 0.063211191
2914 10781 0.800215903
2914 10836 0.070386435
2914 10876 0.971885277
2914 10909 0.438827927
2914 10910 0.611121096
2914 10911 0.824356988
2914 10912 0.522584245
2914 10913 0.997336533
2914 10945 0.417936513
2914 10973 0.783154711
2914 10979 0.77659121
2914 11018 0.468003538
2914 11045 0.375490872
2914 11062 0.892036422
2914 11092 0.313521939
2914 11115 0.683126698
2914 11160 0.119721778
2914 11195 0.46044554
2914 11205 0.299732507
2914 11233 0.281206946
2914 11298 0.97212677
2914 11323 0.484628882
2914 11325 0.195343775
2914 11363 0.621957372
2914 11366 0.165635988
2914 11388 0.06004381
2914 11393 0.361270102
2914 11424 0.081878009
2914 11440 0.718735691
2914 11462 0.927738923
2914 11466 0.435335996
2914 11471 0.491813056
2914 11490 0.369660494
2914 11496 0.90657179
2914 11509 0.324539986
2914 11549 0.116294433
2914 11553 0.426272186
2914 11561 0.75480592
2914 11574 0.974530864
2914 11608 0.209855873
2914 11610 0.528664045
2914 11646 0.693541856
2914 11652 0.057888854
2914 11655 0.898999717
2914 11773 0.327524545
2914 11778 0.61323887
2914 11787 0.459428022
2914 11808 0.423269673
2914 11826 0.067774615
2914 11837 0.860158187
2914 11846 0.834466552
2914 11853 0.612868853
2914 11854 0.525729551
2914 11855 0.271308256
2914 11856 0.685528263
2914 11874 0.753771843
2914 11903 0.710683549
2914 11908 0.524403633
2914 11916 0.519771835
2914 11954 0.469719583
2914 11964 0.122610652
2914 12003 0.325454982
2914 12009 0.294465326
2914 12044 0.730811825
2914 12050 0.197863154
2914 12076 0.07122316
2914 12078 0.544106241
2914 12096 0.219227579
2914 12106 0.221347435
2914 12119 0.697609464
2914 12178 0.692704536
2914 12179 0.908247711
2914 12181 0.114121378
2914 12182 0.470736382
2914 12186 0.115016966
2914 12204 0.576542269
2914 12225 0.335887728
2914 12266 0.58636658
2914 12621 0.667624005
2914 12909 0.403372675
2914 13127 0.446861521
2914 13285 0.774004087
2914 13333 0.929795134
2914 13340 0.010746395
2914 13342 0.19735221
2914 13369 0.673514692
2914 13437 0.463291477
2914 13456 0.902730697
2914 13462 0.331522061
2914 13476 0.514382539
2914 13545 0.878348406
2914 13548 0.217201948
2914 13615 0.440123842
2914 13621 0.950014255
2914 13626 0.347459115
2914 13691 0.06974667
2914 13696 0.321850264
2914 13734 0.626691145
2914 13789 0.784964055
2914 13790 0.629895962
2914 13791 0.370394254
2914 13792 0.059878529
2914 13804 0.935942563
2914 13826 0.427170328
2914 13841 0.394671293
2914 13857 0.715868844
2914 13868 0.243932496
2914 13884 0.553124582
2914 13902 0.338729752
2914 13945 0.684349701
2914 13962 0.96446884
2914 14059 0.499684521
2914 14086 0.553968458
2914 14088 0.696454299
2914 14110 0.947322607
2914 14148 0.376925648
2914 14163 0.704639623
2914 14167 0.640859935
2914 14206 0.533959107
2914 14262 0.433330175
2914 14263 0.415334394
2914 14327 0.455192935
2914 14402 0.904629961
2914 14424 0.567432841
2914 14507 0.894974376
2914 14585 0.862875177
2914 14609 0.207458483
2914 14623 0.583725194
2914 14668 0.255872463
2914 14715 0.71553381
2914 14717 0.157341316
2914 14718 0.247443308
2914 14729 0.719575535
2914 14742 0.993381039
2914 14743 0.962166164
2914 14745 0.098177784
2914 14796 0.661083577
2914 14829 0.131050915
2914 14847 0.522140662
2914 14896 0.861480492
2914 14903 0.748596485
2914 15043 0.450838439
2914 15069 0.664009521
2914 15117 0.463345465
2914 15164 0.36340754
2914 15270 0.667596756
2914 15273 0.573944615
2914 15299 0.998134282
2914 15302 0.640092412
2914 15676 0.482321718
2914 16402 0.241249126
2914 16489 0.751069774
2914 16497 0.445087188
2914 16577 0.575456268
2914 16619 0.39092454
2914 16633 0.63356269
2914 16714 0.216114911
2914 16715 0.209910072
2914 16738 0.66137202
2914 16745 0.731611214
2914 16754 0.864989772
2914 16821 0.359411395
2914 16902 0.088374004
2914 16915 0.282398788
2914 16916 0.56989882
2914 17001 0.216699999
2914 17017 0.655588438
2914 17075 0.903118125
2914 17159 0.948265167
2914 17192 0.571600721
2914 17243 0.297601635
2914 17378 0.619394878
2914 17407 0.833351798
2914 17508 0.926455819
2914 18459 0.540497181
2914 18463 0.215367687
2914 18477 0.370212331
2914 18517 0.396769933
2914 18555 0.158085894
2914 18630 0.654350787
2914 18692 0.752832879
2914 18711 0.772423722
2914 18756 0.153965792
2914 18776 0.655578299
2914 18820 0.894305173
2914 18853 0.493934735
2914 18879 0.938290197
2914 18888 0.743478475
2914 18906 0.882878163
2914 18947 0.237677669
2914 18973 0.364034472
2914 18989 0.734316813
2914 18990 0.867877948
2914 18999 0.094682383
2914 19063 0.210199619
2914 19084 0.775129516
2914 19102 0.28353667
2914 19105 0.799976281
2914 19257 0.183435907
2914 19261 0.468941859
2914 19284 0.838213108
2914 19289 0.140809621
2914 19353 0.877355636
2914 19359 0.270545352
2914 19467 0.419019106
2914 19525 0.156595981
2914 19606 0.421003641
2914 19641 0.26067526
2914 19722 0.527033687
2914 19798 0.52666496
2914 19816 0.886915788
9225 9229 0.807515173
9225 9269 0.48650488
9225 9444 0.407787845
9225 9584 0.748540307
9225 9610 0.112347649
9225 9666 0.861809405
9225 9800 0.836882083
9225 9826 0.714805979
9225 10012 0.838736853
9225 10033 0.669025979
9225 10228 0.002096337
9225 17506 0.103045664
2497 2498 0.591213695
2497 2500 0.029976178
2497 2509 0.817239287
2497 2510 0.179502291
2497 2513 0.592138204
2497 2514 0.026709679
2497 2515 0.687210312
2497 2516 0.119672981
2497 2518 0.109102305
2497 2519 0.883078698
2497 2521 0.688095804
2497 2523 0.614714303
2497 2526 0.643185155
2497 2527 0.890505806
2497 2548 0.344602532
2497 2551 0.188674443
2497 2685 0.686565903
2497 2687 0.691101431
2497 2828 0.373834387
2497 2907 0.653480965
2497 2914 0.490699408
2497 2915 0.399216513
2497 3257 0.011190059
2497 3320 0.611132384
2497 3356 0.682564336
2497 3549 0.858917587
2497 3561 0.982604183
2497 3563 0.948049637
2497 3932 0.43889614
2497 3967 0.409471944
2497 4000 0.432602697
2497 4183 0.538240022
2497 4197 0.514766658
2497 4436 0.59555904
2497 4459 0.61473683
2497 4513 0.948800002
2497 4527 0.926175487
2497 4544 0.292123549
2497 4565 0.410406832
2497 4673 0.089804625
2497 4677 0.471192792
2497 4678 0.521303534
2497 4680 0.124645699
2497 4682 0.040294911
2497 4688 0.01095076
2497 4689 0.157517058
2497 4691 0.062004176
2497 4692 0.705215263
2497 4694 0.620241224
2497 4702 0.419642593
2497 4704 0.480750755
2497 4713 0.803844952
2497 4716 0.594036404
2497 4725 0.184261584
2497 4774 0.224230823
2497 4777 0.416976492
2497 5000 0.714910244
2497 5462 0.066824371
2497 5696 0.252028901
2497 6066 0.080718822
2497 6123 0.711390763
2497 6395 0.382102841
2497 6427 0.204619115
2497 6461 0.110777955
2497 6553 0.879935987
2497 6667 0.602107985
2497 6841 0.478846901
2497 6939 0.873432075
2497 7500 0.680722944
2497 7501 0.263257406
2497 7516 0.159895928
2497 7518 0.712541501
2497 7519 0.116632768
2497 7521 0.495889515
2497 7522 0.610911379
2497 7531 0.587055122
2497 7664 0.929482317
2497 7668 0.873690443
2497 7670 0.982586787
2497 7671 0.081399977
2497 7672 0.922650987
2497 7676 0.032220796
2497 7679 0.780222091
2497 7682 0.142806402
2497 7685 0.224581976
2497 7811 0.614724595
2497 7960 0.813297108
2497 9156 0.084089219
2497 9222 0.097922315
2497 9225 0.187095968
2497 9357 0.014013971
2497 9365 0.04438332
2497 9370 0.946148045
2497 9371 0.332533544
2497 9380 0.598628602
2497 9619 0.822496287
2497 9621 0.421557253
2497 9622 0.669983026
2497 9671 0.881952134
2497 9824 0.74613888
2497 9993 0.197793404
2497 10020 0.782527578
2497 11388 0.867501195
2497 12076 0.466783693
2497 17512 0.439110663
2516 2518 0.195154628
2516 2519 0.923774557
2516 2526 0.39071398
2516 2527 0.560483899
2516 2548 0.568089081
2516 2828 0.817944543
2516 2914 0.190932479
2516 3257 0.502673455
2516 3356 0.913775389
2516 3462 0.594924714
2516 3549 0.957094015
2516 3786 0.038213401
2516 4134 0.004197269
2516 4459 0.097731655
2516 4673 0.43969506
2516 4675 0.098068206
2516 4678 0.267821654
2516 4680 0.212637075
2516 4693 0.86661815
2516 4702 0.107530088
2516 4703 0.45946437
2516 4704 0.219488134
2516 4725 0.245599034
2516 4732 0.831251164
2516 4758 0.059943465
2516 4761 0.224109093
2516 4777 0.176585949
2516 4795 0.917741419
2516 4799 0.16836805
2516 6395 0.93863368
2516 6453 0.035553061
2516 6461 0.264277794
2516 6667 0.106238881
2516 6894 0.187638417
2516 7306 0.070974622
2516 7473 0.906983045
2516 7479 0.087925192
2516 7500 0.451457403
2516 7501 0.240233913
2516 7514 0.404147856
2516 7518 0.478036974
2516 7522 0.2781919
2516 7524 0.085193026
2516 7527 0.722085134
2516 7643 0.154443724
2516 7667 0.984520339
2516 7676 0.613453906
2516 7678 0.66968124
2516 7679 0.501946127
2516 7682 0.491568817
2516 7687 0.550099545
2516 8069 0.355478679
2516 8920 0.187138096
2516 9225 0.496962485
2516 9369 0.576213979
2516 9497 0.090351323
2516 9596 0.449377847
2516 9597 0.43318851
2516 9600 0.801552767
2516 9609 0.873514909
2516 9824 0.114306761
2516 10021 0.15783879
2516 10362 0.944209157
2516 17444 0.742482224
4648 6461 0.828574919
4648 7657 0.406961633
4648 9245 0.738724418
4648 9303 0.220868265
4648 9325 0.839398583
4648 9345 0.996340272
4648 9432 0.79094479
4648 9503 0.085421768
4648 9872 0.055228056
4648 9889 0.706392423
4648 9941 0.044694647
4648 10022 0.764450934
4648 17459 0.90317044
4768 9338 0.954725832
4768 9431 0.70878188
4768 9433 0.021619769
4768 9436 0.836161585
4768 9470 0.263005321
4768 9495 0.901988849
4768 9503 0.717229371
4768 9511 0.680115925
4768 9727 0.718908206
4768 9731 0.950782455
4768 9790 0.536485828
4768 10022 0.747697556
9837 10023 0.189596918
4657 6461 0.224018164
4657 7473 0.714900949
4657 7658 0.820589488
4657 9292 0.574429047
4657 9335 0.044839833
4657 9419 0.994324278
4657 9719 0.712941488
4657 9874 0.448117537
4657 10024 0.8042918
4657 10120 0.847832552
4657 17548 0.111548564
4657 17617 0.568910443
7473 7543 0.941575648
7473 7586 0.235953382
7473 7592 0.980533288
7473 7607 0.203061683
7473 7643 0.990271706
7473 7652 0.141592232
7473 7719 0.080498162
7473 9057 0.560659645
7473 9288 0.889549039
7473 9340 0.982706025
7473 9429 0.013074345
7473 9498 0.819533699
7473 9534 0.51815125
7473 9553 0.836665804
7473 9583 0.421982603
7473 9656 0.323822476
7473 9729 0.341298699
7473 9740 0.470757472
7473 9745 0.212502539
7473 9794 0.508596373
7473 9873 0.037916394
7473 9892 0.967738827
7473 9905 0.38402438
7473 9911 0.437655062
7473 9919 0.921522924
7473 9930 0.669207598
7473 9989 0.84183074
7473 10024 0.95378721
7473 10029 0.529125807
7473 10084 0.742203649
7473 10091 0.431048673
7473 10101 0.457633123
7473 10113 0.174683813
7473 10121 0.780219773
7473 10199 0.460249726
7473 10230 0.653445883
7473 10236 0.747677888
7473 10530 0.284625777
7473 17409 0.91289073
7473 17448 0.406421385
7473 17462 0.233790981
7473 17465 0.060221971
7473 17486 0.920012047
7473 17547 0.112501192
7473 17549 0.373005407
7473 17658 0.13615909
8244 10024 0.64007647
4637 4641 0.224856736
4637 4644 0.805724754
4637 4645 0.821604092
4637 4655 0.117147332
4637 4656 0.82462066
4637 4747 0.805247187
4637 4748 0.876992316
4637 4760 0.575005734
4637 4799 0.163018338
4637 5085 0.89411279
4637 5384 0.667101637
4637 5459 0.839273445
4637 6427 0.451782918
4637 6667 0.157695897
4637 7483 0.969744429
4637 7484 0.609838862
4637 7499 0.409111111
4637 7540 0.462972661
4637 7578 0.533899382
4637 7642 0.287123831
4637 7643 0.80499643
4637 7646 0.592155508
4637 7705 0.222379634
4637 7713 0.733440386
4637 9221 0.047423264
4637 9229 0.180500559
4637 9230 0.60105321
4637 9236 0.760147886
4637 9241 0.643499189
4637 9269 0.384582385
4637 9420 0.37914743
4637 9440 0.18884899
4637 9474 0.427157795
4637 9502 0.40959379
4637 9504 0.057032036
4637 9552 0.734502998
4637 9581 0.272935127
4637 9584 0.734002781
4637 9590 0.830004012
4637 9653 0.216694063
4637 9658 0.831760273
4637 9666 0.773840817
4637 9726 0.616348747
4637 9729 0.170959504
4637 9739 0.789726801
4637 9740 0.73900698
4637 9799 0.468607407
4637 9808 0.947251256
4637 9823 0.855028708
4637 9826 0.143937965
4637 9874 0.225675775
4637 9878 0.532661568
4637 9891 0.116656834
4637 9899 0.000848076
4637 9925 0.918562825
4637 10025 0.085102859
4637 10027 0.371379564
4637 10080 0.099415865
4637 10100 0.167012843
4637 10146 0.470256746
4637 11536 0.516304568
4637 17458 0.098869426
4637 17475 0.845960849
4637 17537 0.233678071
4637 17564 0.845877919
4637 17624 0.452678653
4651 4750 0.952426438
4651 4765 0.34751367
4651 4774 0.211545357
4651 5727 0.360547029
4651 6453 0.266923866
4651 7470 0.554546909
4651 7487 0.774255932
4651 7568 0.513821645
4651 7613 0.769982352
4651 7616 0.55294103
4651 7636 0.038438658
4651 7654 0.78969295
4651 7715 0.643849656
4651 9315 0.984069939
4651 9834 0.069405452
4651 9931 0.27909611
4651 10025 0.494340509
1221 1833 0.693146738
1221 2170 0.278899349
1221 2516 0.205775207
1221 2687 0.750706166
1221 2764 0.748522151
1221 2823 0.899576818
1221 2914 0.845728986
1221 3462 0.601084087
1221 3561 0.552290569
1221 3607 0.438064537
1221 3786 0.320466105
1221 4134 0.769867687
1221 4436 0.833343025
1221 4513 0.868972281
1221 4608 0.478221076
1221 4637 0.533477378
1221 4736 0.823967858
1221 4739 0.809434142
1221 4740 0.565722902
1221 4742 0.31585538
1221 4744 0.870316695
1221 4752 0.035004522
1221 4761 0.337712589
1221 4763 0.973585759
1221 4766 0.913809391
1221 4786 0.580258892
1221 4788 0.774362119
1221 4860 0.467238728
1221 5696 0.352473428
1221 5727 0.175513639
1221 6427 0.460640623
1221 6453 0.517120518
1221 6461 0.794688886
1221 6553 0.19321206
1221 6939 0.47496978
1221 6992 0.785661126
1221 7175 0.139349081
1221 7473 0.792748486
1221 7474 0.625099896
1221 7486 0.27099083
1221 7496 0.030616712
1221 7543 0.946474042
1221 7545 0.046119279
1221 7556 0.76641526
1221 7566 0.840792786
1221 7567 0.561320104
1221 7604 0.377155072
1221 7605 0.28770217
1221 7632 0.10298626
1221 7643 0.711182142
1221 7657 0.12865701
1221 7718 0.753145532
1221 7719 0.266341693
1221 7720 0.186514087
1221 9249 0.0774999
1221 9262 0.708782171
1221 9278 0.116896
1221 9300 0.665432867
1221 9313 0.748530508
1221 9328 0.114047919
1221 9412 0.455822897
1221 9426 0.639937923
1221 9429 0.415456396
1221 9443 0.970745411
1221 9451 0.357262438
1221 9463 0.060080468
1221 9465 0.724912676
1221 9481 0.80198745
1221 9505 0.118792019
1221 9509 0.2110652
1221 9540 0.609519864
1221 9547 0.968811268
1221 9555 0.430131814
1221 9558 0.275012341
1221 9567 0.240326112
1221 9624 0.217412635
1221 9650 0.691054289
1221 9652 0.44740997
1221 9667 0.031501086
1221 9717 0.70358155
1221 9734 0.221597811
1221 9746 0.489933825
1221 9748 0.847445744
1221 9792 0.593195153
1221 9797 0.422932576
1221 9901 0.689005641
1221 9913 0.289390196
1221 9942 0.666008991
1221 9983 0.2698383
1221 10026 0.385834881
1221 10113 0.314737617
1221 10115 0.482161986
1221 10123 0.433507736
1221 10129 0.13338846
1221 10134 0.725816676
1221 10145 0.824425813
1221 10221 0.050661044
1221 10235 0.375598967
1221 10627 0.413419344
1221 11388 0.447249661
1221 16779 0.921160529
1221 17204 0.738236934
1221 17434 0.781439777
1221 17484 0.36314196
1221 17499 0.875270991
1221 17562 0.698771796
1221 17631 0.93915342
1221 65000 0.744583175
1221 65529 0.021498127
1221 65530 0.092217419
703 705 0.856804317
703 724 0.43578257
703 1298 0.929534799
703 1668 0.260405387
703 2497 0.955922259
703 2647 0.201953348
703 2706 0.484353018
703 3108 0.690208267
703 3363 0.310019078
703 3569 0.82119862
703 3573 0.376804216
703 4158 0.278972992
703 4528 0.641980889
703 4611 0.362275888
703 4614 0.341842167
703 4616 0.901109978
703 4627 0.007427974
703 4628 0.016331154
703 4631 0.660328079
703 4677 0.961624387
703 4716 0.459426022
703 4724 0.254013871
703 4739 0.527680965
703 4740 0.41280078
703 4758 0.329326001
703 4768 0.375126528
703 4801 0.495457079
703 4807 0.315097051
703 4854 0.566013662
703 6448 0.010283805
703 6553 0.170089544
703 7046 0.12195824
703 7131 0.488451544
703 7468 0.128953098
703 7469 0.352854312
703 7492 0.37728928
703 7496 0.04809995
703 7498 0.575712112
703 7501 0.173082046
703 7529 0.24272481
703 7540 0.818957326
703 7586 0.217394224
703 7589 0.481098549
703 7607 0.864924356
703 7617 0.402769338
703 7637 0.211525522
703 7646 0.798411243
703 7650 0.521107485
703 7657 0.587035187
703 7679 0.703666606
703 7683 0.986930747
703 7713 0.521234951
703 7722 0.064197478
703 9223 0.762963666
703 9229 0.552261486
703 9237 0.69009085
703 9254 0.104399326
703 9256 0.78660472
703 9282 0.947091203
703 9304 0.084774396
703 9332 0.479334209
703 9366 0.182305692
703 9434 0.251947234
703 9438 0.10959723
703 9440 0.32856774
703 9461 0.224156316
703 9468 0.308936581
703 9502 0.931671796
703 9513 0.358655915
703 9550 0.55451756
703 9584 0.917165744
703 9589 0.925546893
703 9656 0.815280868
703 9660 0.699797758
703 9666 0.364346343
703 9672 0.518373945
703 9729 0.672855158
703 9732 0.667400461
703 9740 0.947870017
703 9798 0.369105384
703 9799 0.76125497
703 9826 0.542706119
703 9827 0.494263308
703 9837 0.598187724
703 9839 0.15303518
703 9881 0.839884796
703 9890 0.709798922
703 9891 0.920365824
703 9899 0.585274689
703 9908 0.066428608
703 9914 0.462070964
703 9989 0.761706683
703 10026 0.471302792
703 10031 0.395584849
703 10032 0.598777006
703 10074 0.044241582
703 10082 0.942327372
703 10084 0.917390417
703 10091 0.614498939
703 10098 0.893461995
703 10100 0.976472968
703 10113 0.437372749
703 10121 0.705564536
703 17411 0.171547606
703 17445 0.751735223
703 17455 0.55503963
703 17456 0.974868728
703 17537 0.199509926
703 17565 0.300629522
703 17669 0.3996041
703 17706 0.155178337
703 18676 0.477229188
703 18882 0.194870424
703 19569 0.501829594
9256 10026 0.241062265
9584 9793 0.120606957
9584 9800 0.608214869
9584 9939 0.488989081
9584 10026 0.852115124
9584 17541 0.160293763
4618 4651 0.951236405
4618 4767 0.182162826
4618 4774 0.596693827
4618 6453 0.35005067
4618 9551 0.324707308
4618 9715 0.995480502
4618 9835 0.042239402
4618 10028 0.237809095
4755 4758 0.225164617
4755 6453 0.620011054
4755 6762 0.433818854
4755 9238 0.87713529
4755 9498 0.444231086
4755 9583 0.305090767
4755 9796 0.496788511
4755 9825 0.519412364
4755 9829 0.968764504
4755 9830 0.67356953
4755 9910 0.155189282
4755 10029 0.712243131
4755 10077 0.268422768
4755 10106 0.915767093
4755 10125 0.669735543
4755 10199 0.853040909
4755 17426 0.7298612
4755 17439 0.305189102
4755 17447 0.332465822
4755 17453 0.169791069
4755 17471 0.90852562
4755 17488 0.185521556
4755 17632 0.845002403
6453 6461 0.619176885
6453 6539 0.589899037
6453 6639 0.9765673
6453 6648 0.998320382
6453 6660 0.721165689
6453 6661 0.28278203
6453 6697 0.963263761
6453 6715 0.685661606
6453 6731 0.511945326
6453 6762 0.186692118
6453 6813 0.926113314
6453 6846 0.556266276
6453 6863 0.43284433
6453 6877 0.772117686
6453 6945 0.544520524
6453 6971 0.676231371
6453 7001 0.625972263
6453 7004 0.297117618
6453 7018 0.962002574
6453 7148 0.390647503
6453 7199 0.475662141
6453 7271 0.677762305
6453 7303 0.849991784
6453 7456 0.21933854
6453 7473 0.201529154
6453 7491 0.821606958
6453 7565 0.106461808
6453 7568 0.421988804
6453 7590 0.56258213
6453 7633 0.179418911
6453 7788 0.170941277
6453 7908 0.619532924
6453 7928 0.194097263
6453 7960 0.331242458
6453 8002 0.220260856
6453 8007 0.333315689
6453 8070 0.91122103
6453 8160 0.845257554
6453 8272 0.335057845
6453 8297 0.955504967
6453 8342 0.430353858
6453 8346 0.358103744
6453 8359 0.139481997
6453 8376 0.220264902
6453 8447 0.894762265
6453 8452 0.938237727
6453 8470 0.31860608
6453 8529 0.904184847
6453 8551 0.274245363
6453 8584 0.053884881
6453 8657 0.906606823
6453 8668 0.675328398
6453 8781 0.8373135
6453 8866 0.015561457
6453 8895 0.801114975
6453 8926 0.572631687
6453 8934 0.493233596
6453 8966 0.768516997
6453 9050 0.249931758
6453 9116 0.42524194
6453 9121 0.46490233
6453 9229 0.784176436
6453 9237 0.224561434
6453 9238 0.177541733
6453 9299 0.791778802
6453 9304 0.500178819
6453 9329 0.034296389
6453 9430 0.730638777
6453 9457 0.215569483
6453 9471 0.442176697
6453 9474 0.330029573
6453 9494 0.755507472
6453 9505 0.271616164
6453 9534 0.364570501
6453 9557 0.59509184
6453 9583 0.858435327
6453 9881 0.819273088
6453 9924 0.249093326
6453 9927 0.495192485
6453 9934 0.020888208
6453 10029 0.596829092
6453 10032 0.686107507
6453 10131 0.863655732
6453 10207 0.955550005
6453 10226 0.475826796
6453 10307 0.40804121
6453 10354 0.557674602
6453 10569 0.314350273
6453 10586 0.616619582
6453 10627 0.765349009
6453 10678 0.860023994
6453 10687 0.322155347
6453 11081 0.5381354
6453 11139 0.847319207
6453 11259 0.994919991
6453 11290 0.408186608
6453 11313 0.040144415
6453 11341 0.452299716
6453 11342 0.453980819
6453 11653 0.142919712
6453 11816 0.35635361
6453 11889 0.394179488
6453 11960 0.107309866
6453 12023 0.499644014
6453 12059 0.812300993
6453 12066 0.764172975
6453 12076 0.303620654
6453 12127 0.122377654
6453 12188 0.407335205
6453 12252 0.610975388
6453 12297 0.467647968
6453 12376 0.160276583
6453 12524 0.130093969
6453 12632 0.48499068
6453 12690 0.919948072
6453 12713 0.580500645
6453 12880 0.359163633
6453 12883 0.256354159
6453 12956 0.785304632
6453 12969 0.101235862
6453 13000 0.124179571
6453 13489 0.138110739
6453 13511 0.424120614
6453 13537 0.835889549
6453 13591 0.522395698
6453 13878 0.077222535
6453 14014 0.679160797
6453 14080 0.137378417
6453 14166 0.515426264
6453 14178 0.680994011
6453 14361 0.92855057
6453 14420 0.033857556
6453 14453 0.870412602
6453 14479 0.612279041
6453 14537 0.625083049
6453 14651 0.651605736
6453 14920 0.493759604
6453 14988 0.405616807
6453 15146 0.804580883
6453 15471 0.784245989
6453 15475 0.8843874
6453 15577 0.994968785
6453 15605 0.441243767
6453 15634 0.329481455
6453 15676 0.964593692
6453 15825 0.50113777
6453 16130 0.452529521
6453 16506 0.982745831
6453 16802 0.361807294
6453 16844 0.427832754
6453 16941 0.50656919
6453 17108 0.51016201
6453 17154 0.211289801
6453 17250 0.78429833
6453 17397 0.926409463
6453 17444 0.262775462
6453 17466 0.24522202
6453 18563 0.854125436
6453 18622 0.614117272
6453 18650 0.796247786
6453 19086 0.000661035
6453 19961 0.129227813
701 702 0.033237951
701 703 0.070037541
701 704 0.05796358
701 705 0.497247063
701 714 0.691790292
701 715 0.177801906
701 813 0.576300759
701 814 0.167970419
701 815 0.32530077
701 816 0.320644641
701 817 0.324258036
701 818 0.228242517
701 852 0.247304526
701 1239 0.310251499
701 1280 0.426062839
701 1294 0.197089283
701 1295 0.31190365
701 1341 0.262264136
701 1663 0.748506556
701 1668 0.696808241
701 1673 0.028956926
701 1678 0.054105209
701 1680 0.670431233
701 1682 0.169061747
701 1691 0.627560173
701 1692 0.67701009
701 1698 0.913810466
701 1740 0.683394965
701 1744 0.565166114
701 1755 0.212656786
701 1757 0.210931891
701 1759 0.217964277
701 1760 0.287934985
701 1763 0.014323769
701 1767 0.662375746
701 1784 0.835972735
701 1833 0.53495925
701 1874 0.739487001
701 1975 0.398812981
701 1982 0.639355347
701 2003 0.456003044
701 2011 0.762147856
701 2019 0.93399126
701 2033 0.472323242
701 2041 0.37008413
701 2052 0.443158013
701 2140 0.12641982
701 2150 0.782300974
701 2154 0.376341575
701 2163 0.002035336
701 2165 0.263256129
701 2173 0.340188658
701 2276 0.280399794
701 2277 0.990304348
701 2379 0.766084857
701 2497 0.820038358
701 2516 0.946281364
701 2532 0.016304847
701 2534 0.058980398
701 2548 0.707847687
701 2551 0.021673147
701 2562 0.461635447
701 2576 0.476578976
701 2578 0.798637753
701 2647 0.786082368
701 2685 0.086948921
701 2712 0.545016284
701 2749 0.109100406
701 2752 0.564163214
701 2824 0.112529582
701 2825 0.415767465
701 2828 0.716309496
701 2853 0.599076527
701 2856 0.727094768
701 2899 0.890138256
701 2901 0.292792078
701 2905 0.486461142
701 2914 0.095874614
701 2928 0.322572794
701 2941 0.521804768
701 3079 0.151015483
701 3080 0.489013503
701 3087 0.651890926
701 3089 0.141495266
701 3104 0.591807697
701 3113 0.50039408
701 3126 0.752755818
701 3257 0.002945192
701 3300 0.583876219
701 3356 0.6964635
701 3360 0.095793627
701 3364 0.632560385
701 3378 0.901730902
701 3407 0.14555746
701 3448 0.056060921
701 3491 0.830931652
701 3493 0.004013746
701 3495 0.645731941
701 3502 0.755770754
701 3505 0.569181005
701 3549 0.717829261
701 3554 0.393981761
701 3557 0.480114879
701 3561 0.481031849
701 3563 0.444317056
701 3569 0.03524883
701 3573 0.833246158
701 3578 0.977622811
701 3585 0.175450623
701 3591 0.768283889
701 3593 0.04816982
701 3602 0.653417913
701 3605 0.086452502
701 3614 0.480253789
701 3621 0.796158603
701 3625 0.020246086
701 3655 0.617957744
701 3670 0.837265265
701 3672 0.236316692
701 3680 0.940916805
701 3701 0.491587875
701 3703 0.076580084
701 3707 0.923840242
701 3737 0.700832753
701 3741 0.118781958
701 3742 0.316260772
701 3751 0.235703419
701 3768 0.829286839
701 3769 0.179016234
701 3789 0.856378057
701 3801 0.278459507
701 3803 0.915089762
701 3811 0.187370371
701 3812 0.966280164
701 3816 0.348670308
701 3820 0.430715493
701 3831 0.683182141
701 3840 0.678921038
701 3850 0.2732292
701 3855 0.841259278
701 3901 0.604131623
701 3914 0.462962124
701 3932 0.631410047
701 3950 0.963061661
701 3955 0.551615504
701 3957 0.024523907
701 3967 0.69567886
701 3994 0.800784216
701 4006 0.012603462
701 4010 0.753597144
701 4134 0.732746723
701 4145 0.854441643
701 4150 0.528766832
701 4151 0.036040768
701 4183 0.322661854
701 4187 0.590362706
701 4188 0.859928691
701 4195 0.189631028
701 4200 0.476391871
701 4208 0.545026984
701 4223 0.463809791
701 4230 0.474126984
701 4231 0.397006058
701 4243 0.799536565
701 4257 0.454794711
701 4271 0.678887604
701 4278 0.083210405
701 4279 0.065393055
701 4286 0.91735845
701 4307 0.254286594
701 4309 0.848117521
701 4314 0.539767517
701 4323 0.909112273
701 4355 0.068475015
701 4356 0.537435073
701 4364 0.44226285
701 4366 0.672979133
701 4372 0.277158902
701 4373 0.980058678
701 4374 0.269815558
701 4390 0.211228946
701 4393 0.360356963
701 4432 0.688292091
701 4449 0.412527565
701 4452 0.240805082
701 4455 0.100315352
701 4456 0.655786373
701 4465 0.253243414
701 4500 0.762894126
701 4513 0.05709849
701 4540 0.299841355
701 4542 0.335284596
701 4543 0.349228395
701 4546 0.075579646
701 4547 0.224668801
701 4549 0.53356198
701 4565 0.61115632
701 4566 0.155045437
701 4570 0.757123374
701 4574 0.346564746
701 4583 0.536911815
701 4587 0.895060994
701 4592 0.573276913
701 4596 0.151443602
701 4637 0.008702784
701 4648 0.437312989
701 4662 0.434948255
701 4664 0.650542435
701 4694 0.201205569
701 4725 0.405293077
701 4766 0.094588899
701 4775 0.563582657
701 4781 0.430394938
701 4786 0.07268024
701 4787 0.512539463
701 4792 0.352423106
701 4799 0.051810057
701 4913 0.879202514
701 4922 0.346286301
701 4924 0.567654922
701 4926 0.757166694
701 4927 0.638425163
701 4939 0.168870009
701 4940 0.642283211
701 4952 0.717390321
701 4959 0.566433456
701 4960 0.072642662
701 4969 0.398375141
701 4977 0.721440483
701 4979 0.627360015
701 4986 0.193920517
701 4996 0.708316945
701 5000 0.915865922
701 5002 0.668735144
701 5003 0.639134839
701 5006 0.779180993
701 5009 0.255507448
701 5015 0.671273632
701 5024 0.322984513
701 5049 0.09970523
701 5050 0.105429129
701 5055 0.299969373
701 5056 0.165002609
701 5076 0.929319627
701 5080 0.80922093
701 5093 0.136649019
701 5097 0.982214687
701 5106 0.719449001
701 5108 0.743792649
701 5486 0.52431757
701 5496 0.429027072
701 5511 0.896787325
701 5552 0.752833831
701 5594 0.574631814
701 5645 0.491103622
701 5647 0.728835832
701 5650 0.644654476
701 5662 0.419375342
701 5668 0.500909622
701 5670 0.77946196
701 5693 0.059017104
701 5697 0.85207601
701 5702 0.746382715
701 5703 0.476246493
701 5705 0.911757894
701 5706 0.800552538
701 5713 0.31933227
701 5714 0.55506556
701 5727 0.158318625
701 5737 0.524190516
701 5743 0.757141719
701 5752 0.434392664
701 5757 0.357853806
701 5760 0.921897314
701 5762 0.088012079
701 5763 0.853939795
701 5774 0.290298756
701 5776 0.298115553
701 5778 0.525691254
701 5779 0.537605355
701 5780 0.066539124
701 5789 0.586051205
701 5798 0.885824576
701 5939 0.656892261
701 6061 0.025569527
701 6062 0.803255959
701 6064 0.754299936
701 6065 0.785932825
701 6066 0.239673849
701 6071 0.067843844
701 6073 0.657917504
701 6076 0.873920377
701 6079 0.573269255
701 6082 0.775487134
701 6091 0.6905679
701 6095 0.702632835
701 6103 0.997377586
701 6104 0.744194249
701 6113 0.698691436
701 6128 0.58107013
701 6139 0.599023103
701 6140 0.831768834
701 6163 0.352627292
701 6167 0.727641319
701 6172 0.924151724
701 6179 0.561026887
701 6181 0.806408702
701 6183 0.067505622
701 6195 0.926211529
701 6197 0.843719637
701 6198 0.566080583
701 6201 0.693451805
701 6203 0.858615282
701 6220 0.463032811
701 6223 0.295224603
701 6224 0.712192509
701 6225 0.023373449
701 6226 0.270572379
701 6227 0.666227693
701 6233 0.071671844
701 6234 0.048723935
701 6245 0.948738603
701 6248 0.305070079
701 6249 0.408446137
701 6254 0.487381536
701 6261 0.814014936
701 6283 0.035504289
701 6295 0.751598515
701 6300 0.382932642
701 6301 0.822917878
701 6302 0.502726921
701 6303 0.238655783
701 6309 0.690482179
701 6314 0.833251221
701 6315 0.117360159
701 6318 0.024078707
701 6319 0.634994395
701 6321 0.094719231
701 6322 0.843117245
701 6327 0.477229787
701 6331 0.520449043
701 6334 0.815216499
701 6341 0.347043556
701 6347 0.769003829
701 6352 0.010292369
701 6359 0.724202994
701 6364 0.911599424
701 6367 0.626643004
701 6371 0.057869637
701 6373 0.232238219
701 6380 0.64946548
701 6381 0.529322923
701 6382 0.214268688
701 6383 0.093169392
701 6384 0.415214143
701 6385 0.888975359
701 6386 0.749802692
701 6387 0.763180845
701 6388 0.580925583
701 6392 0.329348279
701 6395 0.548370505
701 6396 0.911762823
701 6402 0.133894158
701 6404 0.491011256
701 6407 0.12167488
701 6410 0.215972058
701 6419 0.842504349
701 6423 0.576370109
701 6429 0.9371128
701 6431 0.057975918
701 6432 0.551321692
701 6433 0.732296406
701 6435 0.65174766
701 6437 0.844686151
701 6448 0.574968754
701 6453 0.184497117
701 6456 0.772443887
701 6459 0.259082895
701 6461 0.030711077
701 6462 0.27810774
701 6467 0.464519587
701 6468 0.520998744
701 6469 0.858535645
701 6474 0.550784469
701 6475 0.792192285
701 6477 0.565439288
701 6479 0.6781173
701 6480 0.287979824
701 6482 0.211217995
701 6485 0.901982551
701 6499 0.871764635
701 6503 0.593116745
701 6504 0.123810255
701 6506 0.676382242
701 6507 0.154419742
701 6517 0.362028676
701 6519 0.949988321
701 6521 0.790038418
701 6524 0.081975539
701 6530 0.375416168
701 6533 0.916830163
701 6539 0.352667872
701 6541 0.701039577
701 6542 0.123626128
701 6544 0.707394541
701 6550 0.078231801
701 6553 0.632144319
701 6555 0.300011966
701 6566 0.550958413
701 6569 0.512401285
701 6582 0.426314513
701 6589 0.407844383
701 6594 0.133281632
701 6597 0.64115615
701 6601 0.474415567
701 6614 0.380708299
701 6619 0.626968608
701 6620 0.691566143
701 6623 0.653386473
701 6629 0.250772598
701 6630 0.999397706
701 6633 0.776931321
701 6641 0.617191519
701 6646 0.06783416
701 6650 0.194510203
701 6652 0.87906556
701 6653 0.043057195
701 6660 0.106131324
701 6677 0.934511534
701 6716 0.87313616
701 6730 0.81076661
701 6762 0.376762693
701 6813 0.725822584
701 6847 0.581235478
701 6912 0.597634622
701 6913 0.785935304
701 6917 0.718813118
701 6932 0.050469655
701 6933 0.462842553
701 6938 0.388986364
701 6941 0.074742589
701 6943 0.956221934
701 6947 0.111759846
701 6949 0.217576372
701 6966 0.632579598
701 6973 0.599287277
701 6977 0.499959779
701 6979 0.774650992
701 6981 0.675996435
701 6983 0.189854385
701 6984 0.854526361
701 6991 0.579339749
701 6993 0.042247479
701 6999 0.15411187
701 7018 0.55991751
701 7019 0.363574346
701 7023 0.428885709
701 7029 0.938901568
701 7035 0.948956469
701 7041 0.40406061
701 7042 0.675272468
701 7045 0.405715011
701 7046 0.602732652
701 7047 0.10156451
701 7053 0.764643267
701 7054 0.006384712